N =  27
d =  4
muw = [[10.99417141]
 [-0.04578724]]
Sigmaw = [[ 1.31233642 -0.06718612]
 [-0.06718612  0.00478513]]
